# Program:featureCounts v2.0.0; Command:"featureCounts" "-F" "SAF" "-T" "5" "-a" "Genrich/H3K4me1.genrich.encode.narrowPeak.merged.SAF" "-o" "ChIPseq/H3K4me1.featureCount.count.tab.txt" "./Zetlinger_ChIP-mapped/bam_dm6/Tol10b_H3K4me1_rep2.dm6.bowtie2.sorted.bam" "./Zetlinger_ChIP-mapped/bam_dm6/Tol10b_H3K4me1_rep1.dm6.bowtie2.sorted.bam" "./Zetlinger_ChIP-mapped/bam_dm6/gd7_H3K4me1_rep1.dm6.bowtie2.sorted.bam" "./ChIP_seq_mapped_dm6/bam_dmel/Toll910_Input_2_R1.dmel.bowtie2.sorted.bam" "./ChIP_seq_mapped_dm6/bam_dmel/Toll910_Input_1_R1.dmel.bowtie2.sorted.bam" "./Zetlinger_ChIP-mapped/bam_dm6/gd7_WCE_rep4.dm6.bowtie2.sorted.bam" "./Zetlinger_ChIP-mapped/bam_dm6/Toll10b_WCE_rep5.dm6.bowtie2.sorted.bam" "./Zetlinger_ChIP-mapped/bam_dm6/Toll10b_WCE_rep3.dm6.bowtie2.sorted.bam" "./Zetlinger_ChIP-mapped/bam_dm6/gd7_WCE_rep2.dm6.bowtie2.sorted.bam" "./Zetlinger_ChIP-mapped/bam_dm6/Tol10b_WCE_rep4.dm6.bowtie2.sorted.bam" "./Zetlinger_ChIP-mapped/bam_dm6/Toll10b_WCE_rep2.dm6.bowtie2.sorted.bam" "./Zetlinger_ChIP-mapped/bam_dm6/gd7_WCE_rep1.dm6.bowtie2.sorted.bam" 
Geneid	Chr	Start	End	Strand	Length	./Zetlinger_ChIP-mapped/bam_dm6/Tol10b_H3K4me1_rep2.dm6.bowtie2.sorted.bam	./Zetlinger_ChIP-mapped/bam_dm6/Tol10b_H3K4me1_rep1.dm6.bowtie2.sorted.bam	./Zetlinger_ChIP-mapped/bam_dm6/gd7_H3K4me1_rep1.dm6.bowtie2.sorted.bam	./ChIP_seq_mapped_dm6/bam_dmel/Toll910_Input_2_R1.dmel.bowtie2.sorted.bam	./ChIP_seq_mapped_dm6/bam_dmel/Toll910_Input_1_R1.dmel.bowtie2.sorted.bam	./Zetlinger_ChIP-mapped/bam_dm6/gd7_WCE_rep4.dm6.bowtie2.sorted.bam	./Zetlinger_ChIP-mapped/bam_dm6/Toll10b_WCE_rep5.dm6.bowtie2.sorted.bam	./Zetlinger_ChIP-mapped/bam_dm6/Toll10b_WCE_rep3.dm6.bowtie2.sorted.bam	./Zetlinger_ChIP-mapped/bam_dm6/gd7_WCE_rep2.dm6.bowtie2.sorted.bam	./Zetlinger_ChIP-mapped/bam_dm6/Tol10b_WCE_rep4.dm6.bowtie2.sorted.bam	./Zetlinger_ChIP-mapped/bam_dm6/Toll10b_WCE_rep2.dm6.bowtie2.sorted.bam	./Zetlinger_ChIP-mapped/bam_dm6/gd7_WCE_rep1.dm6.bowtie2.sorted.bam
Region1	chr2L	18528	18731	.	204	244	968	807	34	84	38	61	11	16	5	52	19
Region2	chr2L	21288	21527	.	240	162	652	896	29	63	47	49	6	9	14	61	27
Region3	chr2L	35523	35917	.	395	572	783	3164	55	114	147	135	5	24	18	67	42
Region4	chr2L	223062	223312	.	251	187	217	529	43	66	130	98	1	14	15	73	41
Region5	chr2L	251011	251170	.	160	119	388	607	43	41	58	58	2	13	9	38	24
Region6	chr2L	295015	295185	.	171	117	796	1014	50	60	44	31	3	11	8	34	26
Region7	chr2L	576910	577082	.	173	90	382	331	20	33	68	36	3	4	1	35	17
Region8	chr2L	821296	821555	.	260	141	494	654	44	85	104	72	2	22	8	68	32
Region9	chr2L	1006599	1006827	.	229	182	383	986	27	74	50	42	3	12	7	24	13
Region10	chr2L	1086765	1086928	.	164	114	497	485	22	39	62	77	4	20	9	37	26
Region11	chr2L	1118189	1118448	.	260	385	1067	2166	31	76	91	100	10	25	12	53	28
Region12	chr2L	1142705	1142957	.	253	334	1320	1952	41	59	117	103	3	11	9	50	22
Region13	chr2L	1410281	1410898	.	618	494	465	1559	95	156	236	232	8	51	23	163	90
Region14	chr2L	1492324	1492601	.	278	238	704	1368	42	69	108	106	1	16	15	58	40
Region15	chr2L	1715813	1715994	.	182	321	1211	2202	23	52	56	82	6	18	6	47	29
Region16	chr2L	1909774	1910060	.	287	390	1012	2188	45	82	94	61	2	15	12	48	36
Region17	chr2L	2037547	2037751	.	205	121	266	362	28	61	98	81	1	13	10	44	28
Region18	chr2L	2724507	2724702	.	196	237	345	1257	25	62	26	32	6	10	3	11	11
Region19	chr2L	2957106	2957311	.	206	115	477	618	31	58	99	62	2	16	8	49	23
Region20	chr2L	3491045	3491242	.	198	129	601	797	25	37	106	68	2	24	9	46	26
Region21	chr2L	3605450	3606038	.	589	263	374	585	72	123	468	246	0	40	23	81	97
Region22	chr2L	3607118	3607413	.	296	370	112	648	34	60	276	113	1	29	15	49	44
Region23	chr2L	4019886	4020050	.	165	97	673	706	25	58	42	39	2	10	4	45	15
Region24	chr2L	4345807	4346066	.	260	338	1182	2273	48	81	60	62	8	19	7	43	32
Region25	chr2L	4454366	4454621	.	256	413	1213	2772	53	90	91	83	5	9	9	59	24
Region26	chr2L	4726135	4726387	.	253	310	580	2033	40	54	63	50	1	16	13	33	34
Region27	chr2L	4810129	4810291	.	163	51	434	446	25	79	54	42	0	12	2	35	10
Region28	chr2L	4852651	4852827	.	177	126	859	787	30	49	71	57	5	14	9	49	18
Region29	chr2L	4893412	4893688	.	277	100	338	229	48	67	116	113	2	28	14	55	69
Region30	chr2L	5009691	5009966	.	276	539	1156	2305	42	67	128	91	7	27	8	68	44
Region31	chr2L	5723962	5724189	.	228	143	973	1322	39	68	46	43	11	16	6	26	14
Region32	chr2L	5771249	5771440	.	192	134	342	275	36	64	34	38	4	10	3	32	13
Region33	chr2L	5800172	5800392	.	221	182	444	696	46	72	115	81	8	16	8	51	32
Region34	chr2L	6498473	6498692	.	220	289	911	1477	36	90	104	101	4	14	4	42	31
Region35	chr2L	6610825	6611046	.	222	225	371	709	36	78	106	86	9	16	5	51	22
Region36	chr2L	6622686	6622910	.	225	504	1199	4362	34	65	62	42	6	5	7	35	29
Region37	chr2L	6797533	6797699	.	167	181	635	1146	29	48	29	34	8	12	2	37	15
Region38	chr2L	6851915	6852201	.	287	558	993	2537	57	86	66	74	3	12	11	48	30
Region39	chr2L	6854023	6854180	.	158	82	405	495	31	42	55	55	3	7	11	34	21
Region40	chr2L	6966607	6966802	.	196	111	306	509	36	67	105	93	2	18	7	54	29
Region41	chr2L	6971698	6971998	.	301	316	879	1479	38	104	70	78	4	22	5	52	34
Region42	chr2L	7281546	7281755	.	210	330	852	1813	43	68	55	62	2	16	6	38	29
Region43	chr2L	7388115	7388379	.	265	363	1340	2404	52	93	103	85	2	22	6	69	36
Region44	chr2L	7496276	7496541	.	266	225	712	1183	38	78	93	74	5	22	11	60	27
Region45	chr2L	7998702	7999012	.	311	395	851	1439	62	98	108	112	6	20	16	67	29
Region46	chr2L	8888888	8889157	.	270	369	939	2044	48	60	82	53	4	21	7	36	27
Region47	chr2L	9158390	9158738	.	349	280	1235	1811	63	84	106	84	7	32	7	75	37
Region48	chr2L	9520873	9521043	.	171	216	961	2025	24	52	31	58	1	14	5	33	17
Region49	chr2L	9673074	9673232	.	159	79	378	363	17	40	61	46	1	12	5	35	15
Region50	chr2L	9727229	9727382	.	154	66	256	382	19	39	85	37	0	5	4	19	19
Region51	chr2L	9731247	9731647	.	401	715	1381	3065	70	90	161	190	6	26	17	94	46
Region52	chr2L	9887874	9888141	.	268	365	1471	1847	32	100	94	106	8	17	14	70	25
Region53	chr2L	9987974	9988275	.	302	255	319	547	57	100	148	169	9	18	12	76	45
Region54	chr2L	9989728	9989994	.	267	163	206	403	51	99	110	77	3	14	9	40	38
Region55	chr2L	9996894	9997134	.	241	198	665	1751	34	63	131	85	3	27	16	72	39
Region56	chr2L	10506684	10506940	.	257	188	565	1435	38	71	98	99	4	15	11	58	33
Region57	chr2L	10665857	10666017	.	161	66	349	364	24	47	61	67	0	9	9	34	21
Region58	chr2L	11172102	11172246	.	145	123	860	961	25	52	38	29	5	10	5	26	17
Region59	chr2L	11517130	11517417	.	288	992	1625	4174	38	85	83	87	6	23	12	44	33
Region60	chr2L	11948585	11948774	.	190	157	895	1943	36	51	54	39	2	11	6	26	24
Region61	chr2L	12133464	12133596	.	133	90	364	458	20	39	52	42	1	11	7	22	17
Region62	chr2L	12520360	12520657	.	298	392	308	1213	49	91	77	75	8	32	11	53	40
Region63	chr2L	12546638	12546857	.	220	161	343	555	39	56	50	64	4	23	11	37	20
Region64	chr2L	12547090	12547274	.	185	139	701	1165	25	49	28	34	2	7	8	21	8
Region65	chr2L	12862308	12862625	.	318	439	502	670	151	227	146	282	20	23	34	225	73
Region66	chr2L	13445589	13445835	.	247	250	910	1566	34	60	63	76	3	10	2	38	17
Region67	chr2L	14287949	14288200	.	252	610	2570	4606	43	83	84	88	10	20	4	51	32
Region68	chr2L	14588990	14589195	.	206	455	657	2104	38	50	47	65	9	12	6	36	22
Region69	chr2L	14851803	14851965	.	163	151	676	1283	22	41	70	75	1	11	3	28	20
Region70	chr2L	14972934	14973134	.	201	261	935	2187	35	54	32	34	0	10	3	28	12
Region71	chr2L	15060758	15060927	.	170	131	264	309	35	63	80	78	5	11	6	39	30
Region72	chr2L	15440539	15440706	.	168	125	502	651	23	38	64	89	1	5	5	37	21
Region73	chr2L	15476832	15478224	.	1393	644	2569	601	189	283	778	627	36	108	69	422	189
Region74	chr2L	15498853	15499142	.	290	384	839	1326	49	101	67	84	11	23	11	75	28
Region75	chr2L	15653204	15653458	.	255	319	509	318	156	245	133	289	22	26	36	198	60
Region76	chr2L	15722277	15722592	.	316	427	505	656	137	204	124	224	25	33	39	196	56
Region77	chr2L	16330630	16330977	.	348	103	600	979	42	95	146	99	8	34	20	94	51
Region78	chr2L	16848929	16849057	.	129	91	319	534	29	49	28	24	0	5	3	10	17
Region79	chr2L	17368593	17368757	.	165	229	766	1430	21	61	36	40	5	8	4	25	19
Region80	chr2L	17501086	17501266	.	181	125	409	555	31	75	58	62	1	15	8	39	22
Region81	chr2L	17603316	17603535	.	220	246	926	1780	29	67	44	71	4	14	3	26	18
Region82	chr2L	17715863	17716146	.	284	336	1113	2090	55	60	145	160	12	27	14	68	34
Region83	chr2L	17728437	17728793	.	357	497	515	651	175	245	126	291	27	45	52	271	61
Region84	chr2L	17743429	17743771	.	343	193	279	445	44	65	112	70	5	24	13	69	39
Region85	chr2L	17952549	17953079	.	531	809	808	995	272	431	206	488	51	62	77	384	115
Region86	chr2L	17963131	17963411	.	281	571	1250	3254	46	71	91	105	5	13	8	63	34
Region87	chr2L	18152289	18152708	.	420	1253	2076	4089	56	122	224	172	10	29	16	129	63
Region88	chr2L	18454525	18454737	.	213	108	360	484	39	74	94	81	0	22	7	48	33
Region89	chr2L	18590776	18590908	.	133	78	281	356	20	38	38	33	1	5	6	31	18
Region90	chr2L	18714213	18714381	.	169	241	854	1456	35	56	23	33	2	15	4	28	14
Region91	chr2L	18776658	18776844	.	187	245	931	1735	36	55	18	34	1	12	4	34	17
Region92	chr2L	18859224	18859469	.	246	720	794	1998	44	76	84	101	7	12	13	55	33
Region93	chr2L	19009149	19009508	.	360	689	1139	2628	65	103	142	147	16	22	16	105	52
Region94	chr2L	19161709	19162078	.	370	282	206	659	57	124	167	144	5	29	16	81	46
Region95	chr2L	19378451	19378923	.	473	361	673	1638	91	107	119	120	10	35	20	70	47
Region96	chr2L	19393791	19394061	.	271	1225	2491	7973	42	69	80	96	2	20	13	47	33
Region97	chr2L	19453386	19453696	.	311	401	992	1569	54	83	126	135	4	22	14	102	40
Region98	chr2L	19571950	19572204	.	255	158	616	673	44	86	127	130	8	28	7	72	47
Region99	chr2L	19575913	19576176	.	264	211	562	759	44	74	147	166	4	37	11	74	35
Region100	chr2L	19590661	19590908	.	248	230	743	1134	47	66	56	83	11	17	15	50	24
Region101	chr2L	19817207	19817571	.	365	466	1157	2191	73	106	107	126	6	16	11	59	38
Region102	chr2L	19819882	19820155	.	274	165	479	708	51	81	118	118	6	31	14	67	37
Region103	chr2L	19859814	19860201	.	388	318	897	2091	56	99	124	128	8	38	16	60	40
Region104	chr2L	19887499	19887812	.	314	571	1079	2193	52	98	59	93	22	13	10	66	28
Region105	chr2L	19915305	19915495	.	191	356	435	1283	30	57	40	45	3	11	5	12	13
Region106	chr2L	20120955	20121140	.	186	203	581	997	16	40	82	66	4	14	9	65	27
Region107	chr2L	20294010	20294243	.	234	496	1593	2703	47	77	51	67	6	15	10	51	22
Region108	chr2L	20486919	20487460	.	542	176	1363	152	63	81	152	169	24	32	37	121	65
Region109	chr2L	20487745	20488792	.	1048	425	1961	1407	134	181	360	359	17	58	46	207	105
Region110	chr2L	20494352	20494699	.	348	221	784	2111	48	73	102	90	8	14	11	66	36
Region111	chr2L	20787415	20787707	.	293	393	1161	1803	45	106	80	99	2	16	5	51	42
Region112	chr2L	20835627	20835817	.	191	270	1438	2158	27	51	46	68	3	16	7	29	17
Region113	chr2L	20851666	20851850	.	185	250	1339	2542	32	68	56	39	5	3	5	44	19
Region114	chr2L	21251056	21251229	.	174	110	335	411	32	49	65	65	1	9	10	36	23
Region115	chr2L	21296490	21296761	.	272	240	363	645	42	83	135	160	5	23	18	68	40
Region116	chr2L	21397349	21397582	.	234	185	709	1267	46	68	94	80	11	13	9	45	33
Region117	chr2L	21405712	21406028	.	317	973	1447	4334	252	324	1227	1129	70	190	130	377	358
Region118	chr2L	21677769	21677955	.	187	144	555	712	45	69	54	113	2	16	21	48	34
Region119	chr2L	21683231	21683464	.	234	212	566	1070	31	78	74	103	7	24	16	60	31
Region120	chr2L	22179624	22179898	.	275	759	1446	2284	42	78	111	184	15	21	26	79	44
Region121	chr2R	581709	581912	.	204	514	1079	3445	69	92	148	273	6	35	37	68	43
Region122	chr2R	1698812	1699089	.	278	1188	1268	5371	40	80	128	153	10	28	10	57	42
Region123	chr2R	2079720	2079974	.	255	228	591	1274	49	63	79	109	5	26	23	48	31
Region124	chr2R	2087747	2087987	.	241	769	1388	5110	53	92	160	291	15	34	27	71	52
Region125	chr2R	2273163	2273481	.	319	1147	1208	5066	53	99	126	188	7	25	12	57	51
Region126	chr2R	3209645	3209790	.	146	121	367	575	18	34	109	96	2	14	14	36	32
Region127	chr2R	4319828	4320225	.	398	2871	3815	12510	110	155	209	304	7	44	38	100	82
Region128	chr2R	5693127	5693572	.	446	859	763	2385	64	110	120	164	12	28	25	56	56
Region129	chr2R	5753292	5753506	.	215	407	907	2244	30	68	43	82	2	9	11	29	22
Region130	chr2R	6015874	6016086	.	213	275	592	1960	37	64	57	79	5	14	5	46	25
Region131	chr2R	6151084	6151471	.	388	318	506	913	71	100	122	135	12	35	19	113	59
Region132	chr2R	7012083	7012319	.	237	234	541	722	50	73	111	111	5	16	8	75	34
Region133	chr2R	7407768	7407990	.	223	367	747	1349	40	89	60	62	2	25	6	59	24
Region134	chr2R	7453985	7454220	.	236	402	593	1794	35	77	55	70	9	20	5	46	28
Region135	chr2R	7481914	7482141	.	228	81	290	295	39	72	82	89	0	25	13	65	43
Region136	chr2R	7483253	7483557	.	305	106	437	498	59	98	179	149	2	34	15	65	59
Region137	chr2R	7485213	7485883	.	671	299	1012	1193	95	183	461	440	14	57	30	193	100
Region138	chr2R	7486636	7487006	.	371	297	247	835	51	107	151	129	1	43	17	77	55
Region139	chr2R	7916411	7916970	.	560	679	815	2504	91	129	123	132	9	39	34	90	63
Region140	chr2R	8067873	8068138	.	266	177	293	616	42	84	95	84	2	21	5	57	27
Region141	chr2R	8251580	8251760	.	181	136	331	473	38	80	36	84	3	20	11	50	15
Region142	chr2R	8396701	8397006	.	306	349	1064	2858	41	85	129	111	10	17	12	59	47
Region143	chr2R	8631887	8632114	.	228	306	871	1857	35	69	49	58	3	13	4	28	17
Region144	chr2R	8656239	8656499	.	261	176	260	650	36	74	114	81	8	9	9	65	38
Region145	chr2R	8665378	8665516	.	139	95	545	877	26	49	42	32	3	14	6	26	18
Region146	chr2R	8759718	8759880	.	163	128	450	843	29	47	37	37	2	7	2	26	13
Region147	chr2R	8914433	8914608	.	176	100	283	484	41	74	39	63	0	13	12	40	18
Region148	chr2R	8943121	8943283	.	163	99	458	578	29	51	80	61	6	13	6	34	26
Region149	chr2R	8992352	8992531	.	180	163	656	1374	33	58	33	43	6	13	3	18	19
Region150	chr2R	9006899	9007159	.	261	175	813	1361	40	81	105	83	8	20	11	45	28
Region151	chr2R	9132339	9132549	.	211	163	346	496	38	52	68	79	1	21	12	56	22
Region152	chr2R	9207252	9207504	.	253	298	417	1169	43	70	58	58	6	20	7	33	23
Region153	chr2R	9541722	9541934	.	213	191	269	1155	49	53	47	59	2	13	11	43	16
Region154	chr2R	9693580	9693808	.	229	314	571	1008	45	68	32	57	2	20	7	42	21
Region155	chr2R	9810735	9810891	.	157	153	678	946	35	77	48	51	5	7	8	47	23
Region156	chr2R	9910729	9910985	.	257	336	1279	2085	42	87	68	63	8	14	6	49	42
Region157	chr2R	9972837	9972994	.	158	106	355	419	30	61	51	78	5	8	8	36	24
Region158	chr2R	9979563	9979928	.	366	215	209	360	61	79	294	87	2	43	24	61	48
Region159	chr2R	9988944	9989154	.	211	247	626	874	41	81	111	139	8	17	9	87	47
Region160	chr2R	10533150	10534127	.	978	467	1187	1309	200	280	540	361	20	95	54	235	149
Region161	chr2R	10739818	10739957	.	140	78	366	403	36	43	47	64	0	12	8	40	27
Region162	chr2R	11410822	11411060	.	239	240	407	1687	45	66	38	49	3	5	5	20	22
Region163	chr2R	11435648	11435881	.	234	113	520	704	54	65	49	59	0	11	12	34	15
Region164	chr2R	12065931	12066470	.	540	567	1065	1900	45	76	160	164	3	22	14	67	52
Region165	chr2R	12138613	12138849	.	237	327	580	1619	43	87	87	92	7	10	9	53	40
Region166	chr2R	12140504	12140720	.	217	150	551	1072	34	64	53	47	2	17	13	38	14
Region167	chr2R	12201088	12201303	.	216	312	1082	1868	34	79	76	61	1	22	8	50	29
Region168	chr2R	12452954	12453284	.	331	302	827	1265	62	102	199	153	5	27	22	102	59
Region169	chr2R	12612164	12612327	.	164	170	449	569	25	55	25	64	2	11	7	35	13
Region170	chr2R	12665771	12666157	.	387	1878	2939	12874	61	109	118	100	12	36	10	58	63
Region171	chr2R	12670136	12670377	.	242	126	767	1340	34	76	103	125	3	23	10	48	38
Region172	chr2R	13043239	13043536	.	298	1206	186	3743	41	80	54	67	11	19	6	16	28
Region173	chr2R	13556949	13557178	.	230	141	272	358	50	71	192	113	0	24	12	50	41
Region174	chr2R	13824498	13824690	.	193	192	426	591	35	58	69	77	2	12	6	35	19
Region175	chr2R	13934372	13934728	.	357	232	424	721	55	87	77	124	14	20	17	67	40
Region176	chr2R	13942137	13942363	.	227	156	706	869	42	97	87	59	4	14	8	48	23
Region177	chr2R	13957213	13957461	.	249	136	468	629	38	76	91	87	3	21	12	47	32
Region178	chr2R	14140898	14141145	.	248	213	562	549	45	63	85	79	0	18	7	66	32
Region179	chr2R	14903783	14903929	.	147	63	369	385	24	43	49	54	0	7	7	29	23
Region180	chr2R	15010762	15011055	.	294	271	748	2042	49	76	99	69	1	13	7	59	32
Region181	chr2R	15114430	15114669	.	240	538	729	2856	49	89	48	51	3	14	2	36	27
Region182	chr2R	15657766	15658219	.	454	802	1099	2616	62	83	205	156	3	32	10	57	53
Region183	chr2R	15698105	15698309	.	205	417	554	2460	35	67	38	52	8	11	11	17	17
Region184	chr2R	15821354	15821685	.	332	582	999	2772	57	102	84	98	4	15	7	60	28
Region185	chr2R	16571717	16571907	.	191	263	1014	1777	43	59	43	46	7	14	0	23	22
Region186	chr2R	17016041	17016199	.	159	100	528	910	36	47	54	55	3	19	6	31	27
Region187	chr2R	17098520	17098780	.	261	469	1383	3703	43	64	81	55	6	13	11	46	33
Region188	chr2R	17145723	17146064	.	342	95	518	379	43	79	133	131	4	29	16	118	48
Region189	chr2R	17444888	17445136	.	249	283	950	1458	42	76	57	56	3	22	4	40	15
Region190	chr2R	17545048	17545216	.	169	95	462	553	29	60	44	36	2	16	2	33	18
Region191	chr2R	17604651	17604799	.	149	111	272	634	44	67	88	41	5	18	8	58	26
Region192	chr2R	17870218	17870545	.	328	240	212	644	57	94	126	137	2	30	23	81	52
Region193	chr2R	17871979	17872215	.	237	336	660	1208	41	77	72	76	8	6	9	75	39
Region194	chr2R	18047878	18048135	.	258	311	736	1133	49	46	75	78	5	20	11	50	44
Region195	chr2R	19449602	19449888	.	287	215	227	677	50	80	171	102	2	25	15	61	52
Region196	chr2R	19450110	19450464	.	355	191	427	775	70	110	164	131	4	30	17	90	54
Region197	chr2R	19659127	19659472	.	346	116	811	1065	48	89	168	163	7	22	14	91	68
Region198	chr2R	19659729	19661786	.	2058	651	5413	9987	308	496	732	681	60	220	87	546	305
Region199	chr2R	20552076	20552275	.	200	223	930	948	41	60	58	77	5	4	9	60	24
Region200	chr2R	20832388	20832610	.	223	191	615	967	32	71	69	62	7	19	12	51	17
Region201	chr2R	20906607	20906761	.	155	115	250	479	29	48	45	21	0	11	1	27	10
Region202	chr2R	20938100	20938292	.	193	271	609	1183	29	47	25	36	6	6	4	28	8
Region203	chr2R	21251563	21251781	.	219	353	729	1067	43	75	68	66	5	11	5	47	22
Region204	chr2R	21535397	21535711	.	315	289	896	1385	52	116	62	98	3	14	11	54	29
Region205	chr2R	21973012	21973193	.	182	128	496	846	24	50	70	62	7	8	6	23	21
Region206	chr2R	22060742	22061006	.	265	201	799	1390	43	86	115	86	5	27	10	57	35
Region207	chr2R	22297891	22298019	.	129	69	374	336	35	36	22	26	0	1	2	20	11
Region208	chr2R	22854184	22854406	.	223	356	860	1457	48	68	49	58	7	17	8	45	22
Region209	chr2R	23046940	23047192	.	253	174	294	196	39	57	175	201	4	9	12	53	34
Region210	chr2R	23047401	23047687	.	287	153	291	125	49	69	225	89	0	19	14	66	42
Region211	chr2R	23048278	23048559	.	282	117	443	107	39	63	121	111	6	18	8	68	32
Region212	chr2R	23072397	23072682	.	286	221	995	1313	54	90	109	117	11	17	14	69	29
Region213	chr2R	23074635	23074898	.	264	284	822	1598	26	73	101	100	3	21	14	53	48
Region214	chr2R	23554042	23554311	.	270	459	351	1515	33	75	167	118	6	34	11	68	42
Region215	chr2R	23647074	23647334	.	261	102	284	317	49	77	118	105	2	33	14	67	39
Region216	chr2R	23652329	23652645	.	317	542	1120	1563	50	92	125	133	2	26	21	82	39
Region217	chr2R	24599780	24599936	.	157	116	407	583	36	65	84	88	6	13	5	55	26
Region218	chr2R	24797347	24797603	.	257	286	992	2013	52	89	96	79	2	14	15	44	22
Region219	chr2R	25038990	25039202	.	213	189	523	1173	39	60	93	69	2	17	9	44	39
Region220	chr2R	25084266	25084697	.	432	263	888	2302	79	138	133	115	0	37	16	74	52
Region221	chr2R	25085397	25085684	.	288	250	682	1364	41	68	54	65	11	18	8	55	35
Region222	chr2R	25085920	25086107	.	188	77	306	462	36	61	48	49	0	13	7	35	29
Region223	chr2R	25182857	25183343	.	487	1700	1887	8112	70	147	119	140	6	35	11	58	68
Region224	chr2R	25187842	25188134	.	293	193	546	1954	48	82	115	136	4	28	22	60	47
Region225	chr2R	25189496	25190838	.	1343	1446	2052	9247	202	258	220	283	30	71	33	122	133
Region226	chr3L	248228	248465	.	238	147	458	958	38	83	90	86	4	16	20	72	39
Region227	chr3L	292240	292428	.	189	137	495	1296	32	69	103	54	1	21	13	54	38
Region228	chr3L	332576	332786	.	211	171	1109	1675	40	61	43	45	1	10	4	41	22
Region229	chr3L	441632	441864	.	233	296	460	1526	46	49	53	43	4	14	7	27	24
Region230	chr3L	506093	506345	.	253	359	641	1318	27	59	131	130	4	24	7	70	50
Region231	chr3L	604808	605037	.	230	326	898	2089	50	82	49	52	2	10	9	19	24
Region232	chr3L	607030	607250	.	221	255	868	1450	26	78	30	44	3	5	6	35	24
Region233	chr3L	710533	710830	.	298	278	936	2404	42	92	65	64	9	18	11	37	30
Region234	chr3L	712146	712297	.	152	88	276	560	32	68	49	52	0	12	5	26	16
Region235	chr3L	749403	750313	.	911	356	1144	753	136	228	605	289	21	76	63	239	140
Region236	chr3L	750647	751060	.	414	131	601	426	60	128	135	121	5	16	17	86	51
Region237	chr3L	752235	752527	.	293	113	418	380	53	65	105	79	7	22	15	78	40
Region238	chr3L	1576517	1576693	.	177	147	252	510	39	67	35	45	2	7	5	37	22
Region239	chr3L	1876317	1876474	.	158	117	365	699	19	66	48	61	3	9	5	33	23
Region240	chr3L	1890964	1891266	.	303	561	2156	5325	42	68	101	112	10	22	11	72	50
Region241	chr3L	2265767	2266043	.	277	503	697	1211	39	61	125	98	3	9	9	49	26
Region242	chr3L	2409414	2409557	.	144	154	450	877	25	28	43	21	9	2	6	14	11
Region243	chr3L	2458491	2458677	.	187	60	332	350	33	51	38	46	0	8	9	29	18
Region244	chr3L	2466614	2466771	.	158	160	455	790	37	60	70	46	5	17	4	34	20
Region245	chr3L	2531397	2531655	.	259	664	1786	3351	50	90	93	105	4	19	14	72	31
Region246	chr3L	2851826	2852095	.	270	342	644	1676	49	81	56	62	10	16	14	57	25
Region247	chr3L	2885679	2885888	.	210	215	882	2065	40	48	44	50	0	6	2	16	20
Region248	chr3L	2893927	2894064	.	138	60	372	393	10	11	39	35	0	3	4	19	20
Region249	chr3L	3224821	3225023	.	203	208	710	1158	30	58	68	59	4	12	8	65	25
Region250	chr3L	3277011	3277214	.	204	130	611	1025	30	48	61	53	0	21	9	39	25
Region251	chr3L	4409491	4409792	.	302	384	147	970	48	71	129	103	2	24	19	76	27
Region252	chr3L	4805800	4806075	.	276	167	773	1602	34	67	66	66	0	18	10	52	30
Region253	chr3L	4840157	4840426	.	270	552	867	1661	29	52	105	82	4	17	13	33	20
Region254	chr3L	5083387	5083569	.	183	177	915	1363	31	63	24	47	3	12	10	29	9
Region255	chr3L	5899401	5899575	.	175	104	439	534	38	72	49	64	2	5	7	43	16
Region256	chr3L	6054801	6054948	.	148	127	403	654	31	45	36	33	7	10	3	33	19
Region257	chr3L	6071583	6071726	.	144	88	593	1018	26	42	24	29	1	7	3	18	3
Region258	chr3L	6124750	6125010	.	261	430	991	1919	48	59	58	58	7	17	6	42	29
Region259	chr3L	6550077	6550437	.	361	1267	2376	6632	58	94	89	119	3	13	14	53	32
Region260	chr3L	6784709	6784914	.	206	63	513	466	35	64	74	39	5	12	5	52	25
Region261	chr3L	6845916	6846249	.	334	205	576	1083	65	71	146	116	6	20	13	56	46
Region262	chr3L	6979975	6980247	.	273	437	476	1511	51	85	148	169	1	25	6	73	48
Region263	chr3L	7714108	7714279	.	172	114	312	589	41	38	65	69	0	12	7	39	26
Region264	chr3L	8137674	8137869	.	196	219	635	1084	35	51	86	59	5	15	7	34	32
Region265	chr3L	8604115	8604283	.	169	158	734	960	37	68	53	57	7	10	5	38	19
Region266	chr3L	8628058	8628248	.	191	196	200	863	37	47	55	49	0	15	6	26	27
Region267	chr3L	8748957	8749106	.	150	125	828	1206	23	44	28	38	2	6	6	37	19
Region268	chr3L	8997991	8998227	.	237	262	604	1153	47	81	117	99	2	20	7	59	37
Region269	chr3L	9047288	9047491	.	204	264	398	1384	32	46	54	41	1	10	10	21	37
Region270	chr3L	9430123	9430350	.	228	220	658	1010	37	71	64	59	7	14	9	51	18
Region271	chr3L	9442755	9442936	.	182	69	412	469	30	56	68	46	2	9	7	22	21
Region272	chr3L	9751696	9751919	.	224	266	717	1635	38	68	61	59	4	12	6	32	18
Region273	chr3L	10225456	10225625	.	170	229	927	1769	32	53	22	24	2	8	2	22	17
Region274	chr3L	10246449	10246731	.	283	201	864	1490	47	88	67	65	0	13	10	57	26
Region275	chr3L	10320874	10321118	.	245	332	826	2374	46	74	63	46	3	13	8	32	17
Region276	chr3L	10321816	10322025	.	210	170	879	1877	29	64	39	32	5	16	3	36	25
Region277	chr3L	10427446	10427605	.	160	114	676	1107	36	52	46	54	3	11	11	30	21
Region278	chr3L	10463299	10463403	.	105	74	670	709	18	22	6	18	0	0	1	16	6
Region279	chr3L	10664556	10664758	.	203	106	369	516	44	63	72	76	8	17	18	69	33
Region280	chr3L	10899311	10899465	.	155	127	547	673	23	56	30	31	3	14	2	37	12
Region281	chr3L	11123145	11123426	.	282	253	441	822	46	85	92	103	9	20	8	64	40
Region282	chr3L	11511354	11511520	.	167	177	701	1415	40	60	35	45	4	8	5	28	13
Region283	chr3L	11681880	11682067	.	188	188	430	830	35	73	51	43	4	8	2	22	23
Region284	chr3L	11694050	11694317	.	268	115	418	341	43	67	167	116	8	26	13	66	29
Region285	chr3L	11789965	11790149	.	185	146	535	875	29	74	78	75	7	20	7	44	26
Region286	chr3L	12066771	12066924	.	154	85	950	1070	24	36	35	57	5	8	6	26	14
Region287	chr3L	13006596	13006803	.	208	127	673	1027	31	69	67	70	1	19	12	40	25
Region288	chr3L	13378561	13379608	.	1048	376	2451	1972	140	210	511	378	14	74	54	293	147
Region289	chr3L	13591267	13591462	.	196	87	284	508	24	33	78	59	2	15	7	32	34
Region290	chr3L	14189958	14190550	.	593	676	1660	3280	88	158	66	116	5	24	21	65	42
Region291	chr3L	14212413	14212637	.	225	289	649	1166	35	72	40	56	8	11	6	30	18
Region292	chr3L	14415637	14415925	.	289	176	373	1193	53	82	148	121	4	22	13	61	49
Region293	chr3L	14445791	14446002	.	212	186	701	516	37	59	55	74	0	11	8	27	19
Region294	chr3L	14513116	14513588	.	473	521	844	2756	75	129	145	123	4	21	15	62	49
Region295	chr3L	14516772	14516966	.	195	104	389	665	33	42	61	50	3	9	5	31	19
Region296	chr3L	14537402	14537647	.	246	526	1676	2874	45	86	87	84	15	13	11	58	27
Region297	chr3L	14562738	14562919	.	182	102	845	933	39	53	37	46	6	7	9	48	25
Region298	chr3L	14621522	14621817	.	296	324	626	1795	53	96	74	69	3	17	12	50	40
Region299	chr3L	14969276	14970139	.	864	319	1498	2051	124	256	654	453	18	107	59	251	143
Region300	chr3L	14972782	14973661	.	880	309	1130	1128	136	235	333	292	22	70	46	169	96
Region301	chr3L	14975636	14975990	.	355	267	513	442	66	84	186	164	11	30	20	111	52
Region302	chr3L	14977195	14977532	.	338	163	536	494	53	89	188	190	6	31	16	102	54
Region303	chr3L	15014435	15014625	.	191	190	757	512	26	57	30	37	5	1	7	37	4
Region304	chr3L	15072225	15072479	.	255	379	1593	1831	41	63	73	69	9	25	7	49	22
Region305	chr3L	15268112	15268304	.	193	330	899	2312	31	42	29	48	1	13	7	13	18
Region306	chr3L	15368289	15368500	.	212	108	316	679	37	54	43	57	1	16	7	41	28
Region307	chr3L	15554286	15554545	.	260	405	863	819	38	71	190	155	7	20	12	58	40
Region308	chr3L	15637067	15637269	.	203	150	421	1131	31	53	21	28	4	10	2	12	6
Region309	chr3L	15835315	15835482	.	168	100	572	650	36	54	27	32	0	10	8	24	20
Region310	chr3L	15837376	15837577	.	202	162	770	1128	40	56	45	51	3	15	11	25	17
Region311	chr3L	16037204	16037460	.	257	378	734	2280	35	69	82	67	9	13	11	41	36
Region312	chr3L	16043941	16044296	.	356	211	218	392	66	91	186	107	1	30	19	74	38
Region313	chr3L	16051017	16051213	.	197	175	538	614	35	68	78	95	6	15	5	59	37
Region314	chr3L	16407829	16408904	.	1076	596	1007	2082	153	251	454	421	25	71	46	237	152
Region315	chr3L	16410044	16410378	.	335	158	318	714	51	89	127	122	3	31	18	66	48
Region316	chr3L	16410648	16410890	.	243	132	298	392	44	73	123	99	6	20	8	54	33
Region317	chr3L	16647913	16648119	.	207	576	1253	2195	38	69	73	92	9	24	7	62	36
Region318	chr3L	16662039	16662184	.	146	69	385	569	36	53	38	37	1	9	7	41	28
Region319	chr3L	16773800	16774013	.	214	114	537	696	31	62	141	77	11	13	10	66	29
Region320	chr3L	16774433	16774950	.	518	160	940	1152	80	134	386	294	8	60	32	123	91
Region321	chr3L	16776021	16776341	.	321	105	495	590	49	80	258	120	7	33	11	73	48
Region322	chr3L	16930553	16930806	.	254	213	513	2089	35	35	127	104	3	16	6	28	30
Region323	chr3L	16956300	16956448	.	149	183	311	770	25	38	48	47	2	12	8	23	16
Region324	chr3L	17242434	17242597	.	164	176	590	851	31	60	36	41	4	7	4	17	11
Region325	chr3L	17339234	17339437	.	204	279	1048	1870	24	79	50	51	8	10	3	37	22
Region326	chr3L	17352865	17353158	.	294	365	1114	1937	52	102	96	100	1	19	11	70	32
Region327	chr3L	17465825	17466054	.	230	309	773	1803	41	75	47	60	4	11	9	40	23
Region328	chr3L	17474865	17475152	.	288	597	1459	3345	53	66	87	66	5	30	22	55	40
Region329	chr3L	17669633	17669808	.	176	163	835	1429	24	60	30	27	2	7	5	12	10
Region330	chr3L	17802170	17802439	.	270	104	336	365	41	79	112	116	0	12	8	65	32
Region331	chr3L	18460407	18460582	.	176	382	655	2004	39	59	18	34	2	6	1	20	13
Region332	chr3L	18461300	18461473	.	174	81	247	606	31	47	32	49	3	5	4	22	12
Region333	chr3L	18618168	18618365	.	198	310	1059	1877	31	66	96	76	8	10	9	70	29
Region334	chr3L	18848469	18848697	.	229	283	615	1058	32	76	47	49	6	15	3	38	14
Region335	chr3L	18892111	18892291	.	181	114	437	641	28	73	49	59	5	12	10	29	23
Region336	chr3L	19000570	19000758	.	189	120	241	423	36	62	68	45	3	8	3	35	20
Region337	chr3L	19081473	19081716	.	244	153	611	816	34	82	135	112	1	23	7	64	33
Region338	chr3L	19140304	19140788	.	485	2270	3456	8367	68	148	108	145	23	30	22	106	48
Region339	chr3L	19294347	19294551	.	205	194	468	774	48	64	54	69	10	24	6	41	27
Region340	chr3L	19556171	19556585	.	415	303	199	663	77	99	176	144	2	39	21	105	52
Region341	chr3L	19793553	19793808	.	256	209	577	1229	44	78	84	71	7	15	14	47	45
Region342	chr3L	19824969	19825156	.	188	120	224	561	52	73	109	125	1	20	13	47	39
Region343	chr3L	20097357	20097647	.	291	419	480	2187	50	87	64	98	3	20	12	31	25
Region344	chr3L	20104116	20104293	.	178	129	291	561	34	48	81	96	0	10	8	23	33
Region345	chr3L	20398865	20399266	.	402	214	461	625	70	102	167	169	10	35	16	111	59
Region346	chr3L	21202132	21202329	.	198	278	1168	1808	38	71	42	53	5	14	10	24	23
Region347	chr3L	21317966	21318206	.	241	416	826	1999	38	68	97	79	4	17	11	48	26
Region348	chr3L	21483907	21484340	.	434	310	492	1039	53	128	128	157	10	34	20	87	53
Region349	chr3L	21640784	21641042	.	259	401	1048	1872	35	61	91	92	7	13	8	60	33
Region350	chr3L	21652910	21653058	.	149	108	245	483	42	66	43	52	3	10	6	58	16
Region351	chr3L	22066220	22066681	.	462	415	336	986	70	125	368	167	12	44	32	107	77
Region352	chr3L	22267247	22267502	.	256	257	348	829	39	66	80	90	4	22	7	74	23
Region353	chr3L	22400508	22401046	.	539	432	400	1062	87	160	212	244	16	44	41	116	57
Region354	chr3L	22403396	22403833	.	438	401	240	806	55	111	157	125	10	31	32	94	58
Region355	chr3L	22616872	22617127	.	256	430	1413	2048	41	57	140	163	2	20	13	66	46
Region356	chr3L	22634244	22634413	.	170	82	479	472	25	60	46	60	5	13	9	46	28
Region357	chr3L	22648220	22648463	.	244	480	1566	2093	40	55	113	151	5	18	14	72	35
Region358	chr3L	23807500	23807790	.	291	439	668	704	47	77	67	124	8	20	11	58	29
Region359	chr3L	23899456	23899709	.	254	328	584	714	41	70	78	116	7	22	11	50	37
Region360	chr3L	23922959	23923223	.	265	373	603	606	39	58	59	127	5	15	25	52	30
Region361	chr3L	24457928	24458158	.	231	317	1001	2587	43	43	100	189	3	28	25	42	38
Region362	chr3L	24498920	24499088	.	169	325	1008	2428	28	35	86	149	3	17	12	43	34
Region363	chr3L	25288468	25289352	.	885	6999	32	220	1053	1004	806	623	28	143	71	90	214
Region364	chr3L	25857128	25857485	.	358	2030	2253	7741	54	84	114	199	8	34	20	62	38
Region365	chr3L	27739226	27739583	.	358	1894	2218	8253	70	117	159	210	20	47	29	86	58
Region366	chr3R	1046090	1046388	.	299	1116	1372	5569	61	83	130	196	9	15	22	60	42
Region367	chr3R	1169102	1169293	.	192	166	342	654	16	33	37	67	4	11	15	19	12
Region368	chr3R	1173356	1173584	.	229	183	359	664	28	47	35	83	2	12	7	28	22
Region369	chr3R	2302271	2302591	.	321	5616	6511	30102	110	169	440	638	24	84	52	189	133
Region370	chr3R	2411893	2412104	.	212	414	871	1578	36	57	126	156	13	20	15	60	33
Region371	chr3R	3374106	3374533	.	428	6790	6751	26834	76	112	150	267	16	40	31	96	63
Region372	chr3R	3674351	3674634	.	284	1935	2445	7473	69	73	108	166	7	25	20	70	32
Region373	chr3R	3683568	3683857	.	290	1927	2441	7632	57	97	114	168	9	25	25	74	33
Region374	chr3R	3832711	3832835	.	125	303	936	2502	41	70	73	181	5	9	17	32	23
Region375	chr3R	3840264	3840503	.	240	537	1010	4073	75	113	157	335	7	34	30	72	55
Region376	chr3R	4081794	4082091	.	298	757	1865	4414	46	69	74	118	7	24	16	57	43
Region377	chr3R	4705267	4705453	.	187	278	456	1376	38	64	46	70	6	6	12	31	21
Region378	chr3R	4853211	4853803	.	593	502	279	662	73	104	428	124	7	35	28	67	66
Region379	chr3R	4865941	4866203	.	263	150	441	695	31	72	153	120	7	16	10	46	38
Region380	chr3R	4888596	4888876	.	281	986	1186	5054	55	94	119	155	14	29	19	46	40
Region381	chr3R	4905872	4906135	.	264	1034	1784	5497	71	81	40	79	4	22	13	25	29
Region382	chr3R	4969266	4969531	.	266	195	798	1618	45	77	68	115	2	14	8	43	32
Region383	chr3R	4970544	4971193	.	650	891	1262	3652	105	199	156	260	12	37	28	130	75
Region384	chr3R	4973052	4973301	.	250	219	498	1288	49	67	79	101	14	31	18	69	41
Region385	chr3R	5126980	5127180	.	201	164	266	418	45	84	54	89	3	19	8	62	28
Region386	chr3R	5200797	5200934	.	138	134	707	645	30	46	46	76	7	16	12	38	30
Region387	chr3R	5217399	5217623	.	225	311	1059	1709	33	89	124	107	12	19	7	62	38
Region388	chr3R	5326189	5326520	.	332	315	1175	1720	56	89	94	106	5	20	14	68	30
Region389	chr3R	5778791	5779064	.	274	664	1546	3122	48	83	67	78	3	18	20	44	33
Region390	chr3R	6009576	6010324	.	749	821	1496	4542	129	195	163	171	28	43	21	123	84
Region391	chr3R	6170822	6171030	.	209	171	362	1012	34	56	42	55	6	19	9	35	33
Region392	chr3R	6254581	6254740	.	160	95	420	742	24	58	43	47	3	6	5	25	25
Region393	chr3R	6645838	6645976	.	139	76	314	470	24	50	26	39	1	6	2	33	19
Region394	chr3R	6646709	6646927	.	219	350	1084	1825	32	55	73	76	4	11	10	35	18
Region395	chr3R	6660012	6660197	.	186	115	487	716	34	64	91	93	5	15	11	54	27
Region396	chr3R	6706433	6706613	.	181	331	541	2546	59	90	52	70	2	10	6	18	18
Region397	chr3R	6708883	6709220	.	338	1422	2609	8148	55	89	79	94	6	22	17	63	44
Region398	chr3R	6709695	6709962	.	268	316	701	2507	31	62	168	180	5	18	20	61	48
Region399	chr3R	6780136	6780447	.	312	406	566	2290	51	86	69	60	8	20	11	45	42
Region400	chr3R	6806677	6807023	.	347	518	782	2680	51	96	85	118	8	22	12	58	31
Region401	chr3R	6810854	6811198	.	345	276	318	621	45	100	162	174	8	27	14	99	52
Region402	chr3R	6854366	6854654	.	289	507	474	1289	45	99	84	138	9	25	20	65	50
Region403	chr3R	6870856	6871092	.	237	431	449	1160	47	78	66	87	7	22	12	50	24
Region404	chr3R	6908204	6908623	.	420	435	659	1775	58	111	177	170	19	31	15	83	76
Region405	chr3R	6912252	6912456	.	205	138	447	566	50	80	89	83	7	15	12	56	38
Region406	chr3R	6912785	6913001	.	217	208	642	1001	35	65	107	119	8	16	16	70	34
Region407	chr3R	6973343	6973663	.	321	270	1075	1375	41	96	105	75	6	20	18	82	42
Region408	chr3R	7086355	7086642	.	288	271	956	1024	74	108	139	136	9	29	16	92	47
Region409	chr3R	7087086	7087346	.	261	137	352	409	50	79	184	145	4	25	12	55	42
Region410	chr3R	7250071	7250303	.	233	122	215	2104	53	46	102	110	0	21	14	52	46
Region411	chr3R	7346575	7346740	.	166	86	245	562	24	67	42	50	0	7	6	21	10
Region412	chr3R	7366021	7366209	.	189	120	371	868	37	39	77	34	1	15	9	28	25
Region413	chr3R	7779717	7780034	.	318	154	471	1199	44	78	68	80	6	19	5	38	35
Region414	chr3R	8301258	8301516	.	259	499	1351	2480	43	94	84	74	17	19	13	49	30
Region415	chr3R	8305302	8305489	.	188	168	393	713	44	57	85	65	6	19	13	70	24
Region416	chr3R	8660380	8660578	.	199	139	393	524	45	56	133	75	5	27	7	58	32
Region417	chr3R	8820676	8820878	.	203	151	582	771	36	85	52	66	12	10	4	56	29
Region418	chr3R	8841149	8841753	.	605	302	456	1319	104	166	235	173	8	50	30	126	84
Region419	chr3R	8842009	8842392	.	384	188	332	851	58	118	117	85	4	36	19	67	49
Region420	chr3R	8907455	8907748	.	294	1055	1237	5073	35	65	121	146	8	17	15	57	50
Region421	chr3R	8944960	8945186	.	227	354	1216	1824	36	78	89	117	3	21	10	56	26
Region422	chr3R	9022767	9023150	.	384	152	454	245	57	71	347	259	1	32	16	102	53
Region423	chr3R	9023989	9025615	.	1627	811	1886	2650	224	395	597	550	43	103	82	378	202
Region424	chr3R	9029354	9030416	.	1063	496	1070	1440	165	262	356	360	21	70	42	206	146
Region425	chr3R	9032289	9032570	.	282	101	343	312	55	89	80	62	2	15	19	42	31
Region426	chr3R	9214376	9214526	.	151	195	728	1579	32	51	29	35	9	9	4	24	13
Region427	chr3R	9328916	9329105	.	190	281	442	1188	43	58	47	70	2	7	4	45	25
Region428	chr3R	9677765	9678049	.	285	428	642	1938	48	103	105	119	3	24	16	53	43
Region429	chr3R	9868564	9868911	.	348	220	887	1745	52	97	69	45	4	25	14	47	34
Region430	chr3R	9869159	9869405	.	247	306	215	1982	48	69	68	83	3	15	7	21	26
Region431	chr3R	9879496	9879843	.	348	224	187	659	42	111	131	115	0	22	18	74	44
Region432	chr3R	9986251	9986403	.	153	90	527	714	33	56	25	16	2	4	4	27	15
Region433	chr3R	10598287	10598707	.	421	236	388	942	85	123	176	129	7	33	17	95	56
Region434	chr3R	10599001	10599369	.	369	214	335	714	63	109	147	131	7	27	21	82	50
Region435	chr3R	10599882	10600252	.	371	205	375	748	54	114	158	166	6	31	21	78	49
Region436	chr3R	10603528	10603839	.	312	113	330	429	45	93	89	68	2	30	9	69	35
Region437	chr3R	10675176	10675457	.	282	1875	2168	7430	63	95	67	108	10	15	9	52	34
Region438	chr3R	10677604	10677775	.	172	168	296	659	25	50	50	54	2	13	9	27	16
Region439	chr3R	10893468	10893686	.	219	263	719	993	40	75	59	77	6	17	10	49	27
Region440	chr3R	11221623	11221802	.	180	187	376	467	17	74	62	53	6	10	5	54	18
Region441	chr3R	11344050	11344238	.	189	140	499	608	35	44	55	49	2	19	11	40	22
Region442	chr3R	11345025	11345226	.	202	156	301	362	41	55	74	81	2	14	17	43	20
Region443	chr3R	11394002	11394210	.	209	151	594	968	32	48	90	74	5	12	7	46	24
Region444	chr3R	11694812	11695001	.	190	360	1976	2781	25	41	30	49	8	10	3	33	14
Region445	chr3R	11775658	11776023	.	366	325	273	1092	57	98	112	126	12	29	19	71	53
Region446	chr3R	12638073	12638359	.	287	206	328	1009	61	73	48	100	3	18	11	60	29
Region447	chr3R	12650642	12650936	.	295	401	1000	1876	53	75	119	132	5	26	17	66	38
Region448	chr3R	12980668	12980913	.	246	233	342	1007	37	63	61	65	6	11	11	36	20
Region449	chr3R	13434915	13435174	.	260	229	587	807	45	70	77	89	3	9	8	54	28
Region450	chr3R	13674835	13675026	.	192	293	978	1481	34	67	30	38	6	7	5	19	15
Region451	chr3R	13833614	13833779	.	166	233	590	1492	33	62	43	40	4	7	2	25	25
Region452	chr3R	14823075	14823282	.	208	89	369	496	50	75	64	44	6	12	7	32	26
Region453	chr3R	14894443	14894629	.	187	231	1017	1683	27	49	42	53	4	10	10	33	21
Region454	chr3R	15243554	15244109	.	556	227	883	1452	94	135	196	196	10	43	20	151	71
Region455	chr3R	15438156	15438316	.	161	114	623	866	28	44	39	45	2	10	8	48	19
Region456	chr3R	15913266	15913449	.	184	176	749	1714	37	36	183	205	1	14	7	37	29
Region457	chr3R	16180542	16180703	.	162	110	981	1307	36	56	46	50	4	14	2	34	13
Region458	chr3R	16260441	16260674	.	234	421	863	1151	33	70	67	62	7	12	9	59	20
Region459	chr3R	16304373	16304549	.	177	168	232	730	33	58	37	36	7	16	7	41	21
Region460	chr3R	16305196	16305410	.	215	197	549	1198	39	52	67	69	7	19	8	58	40
Region461	chr3R	16351014	16351379	.	366	675	1452	4228	44	88	111	125	14	20	17	79	51
Region462	chr3R	16353204	16353534	.	331	116	370	660	48	67	126	87	2	25	13	46	50
Region463	chr3R	16624652	16625025	.	374	483	747	3091	67	121	70	99	9	22	10	43	32
Region464	chr3R	16655829	16656440	.	612	380	959	2583	82	153	100	105	20	34	19	68	49
Region465	chr3R	16798516	16798877	.	362	356	776	1437	62	90	115	105	5	26	15	100	43
Region466	chr3R	16869302	16869575	.	274	183	757	995	38	74	104	111	4	15	15	88	38
Region467	chr3R	16898496	16898676	.	181	167	428	776	30	55	65	49	8	11	6	41	24
Region468	chr3R	16899419	16899701	.	283	368	830	1448	34	71	76	88	0	13	9	44	36
Region469	chr3R	16957853	16958093	.	241	261	1052	1973	46	95	61	52	3	18	9	41	24
Region470	chr3R	16969610	16969894	.	285	1195	2434	7753	45	83	74	92	9	25	12	74	34
Region471	chr3R	17534534	17534752	.	219	385	1115	2525	43	50	78	77	6	12	7	50	45
Region472	chr3R	17616684	17616862	.	179	139	337	878	27	61	36	45	0	3	6	24	10
Region473	chr3R	17617171	17617397	.	227	304	493	2507	40	67	51	58	4	10	10	36	22
Region474	chr3R	17919119	17919298	.	180	149	1041	1099	35	56	26	36	8	4	7	41	17
Region475	chr3R	18242329	18242864	.	536	276	568	1054	71	128	136	120	1	27	14	78	31
Region476	chr3R	18983831	18984168	.	338	276	573	869	46	75	117	122	6	32	11	86	34
Region477	chr3R	19014074	19014350	.	277	405	1006	2360	41	71	140	151	10	12	12	61	25
Region478	chr3R	19096260	19096738	.	479	508	1520	2284	78	107	79	103	7	19	14	78	31
Region479	chr3R	19314903	19315714	.	812	358	843	1531	112	213	309	276	10	73	29	166	97
Region480	chr3R	19492268	19492498	.	231	174	783	2471	38	53	60	71	0	7	8	39	22
Region481	chr3R	19494061	19494324	.	264	120	424	1630	32	62	102	98	2	16	16	47	42
Region482	chr3R	19566303	19566482	.	180	70	554	608	30	65	32	40	2	6	7	40	17
Region483	chr3R	19770843	19771147	.	305	111	511	1624	59	61	103	93	2	19	11	44	30
Region484	chr3R	20557597	20557865	.	269	343	648	1278	43	84	140	106	8	26	9	37	44
Region485	chr3R	20573711	20574147	.	437	316	239	990	70	131	168	154	2	42	19	92	65
Region486	chr3R	21073267	21073427	.	161	120	230	299	25	58	50	60	2	8	6	38	19
Region487	chr3R	21179680	21179900	.	221	270	1078	1336	42	81	43	58	3	9	6	44	9
Region488	chr3R	21373813	21374198	.	386	76	862	1111	52	105	102	90	3	45	12	60	51
Region489	chr3R	21386217	21386405	.	189	129	369	1021	27	58	44	50	0	9	4	15	23
Region490	chr3R	21407329	21407549	.	221	114	321	947	31	64	49	64	4	20	8	32	21
Region491	chr3R	21408485	21408687	.	203	217	392	1032	31	60	87	73	2	12	4	30	31
Region492	chr3R	21520367	21520500	.	134	86	356	559	17	51	31	42	2	8	4	24	15
Region493	chr3R	21889325	21889443	.	119	155	336	1076	22	38	25	34	0	7	2	16	12
Region494	chr3R	22356465	22356663	.	199	180	557	629	39	65	80	87	8	16	10	55	42
Region495	chr3R	22794021	22794288	.	268	745	1519	5092	44	86	62	78	3	25	9	49	26
Region496	chr3R	23157823	23158048	.	226	167	670	676	23	55	63	106	1	14	14	53	24
Region497	chr3R	23214826	23215054	.	229	202	835	1483	45	71	67	61	2	17	8	45	27
Region498	chr3R	23522369	23522894	.	526	416	465	2233	67	115	94	143	2	27	8	45	36
Region499	chr3R	23819209	23819435	.	227	275	1053	1684	28	78	86	88	5	14	8	55	41
Region500	chr3R	24055818	24056215	.	398	107	552	534	48	75	249	211	1	32	23	85	64
Region501	chr3R	24056550	24056991	.	442	155	776	851	51	98	291	216	7	41	21	129	82
Region502	chr3R	24333291	24333490	.	200	166	471	696	46	58	121	89	7	14	4	55	29
Region503	chr3R	24360093	24360325	.	233	209	876	2036	44	75	57	45	4	10	8	44	34
Region504	chr3R	25193859	25194158	.	300	422	512	1494	38	73	62	59	0	18	4	40	44
Region505	chr3R	25245521	25245695	.	175	136	667	1195	35	81	35	55	1	17	4	24	26
Region506	chr3R	25881354	25881614	.	261	353	864	1647	41	65	80	64	6	14	11	65	47
Region507	chr3R	25888266	25888606	.	341	597	1431	3168	67	96	90	91	6	26	11	54	48
Region508	chr3R	26188785	26189032	.	248	466	843	1853	41	77	70	62	2	18	9	34	24
Region509	chr3R	26566799	26567107	.	309	879	1979	4639	54	98	156	113	11	28	10	38	55
Region510	chr3R	26881412	26881811	.	400	770	1088	2254	69	124	199	173	13	34	16	122	80
Region511	chr3R	26988817	26988970	.	154	145	660	932	24	38	32	49	2	7	3	17	10
Region512	chr3R	27151447	27151693	.	247	532	1197	2514	46	72	101	73	2	25	11	42	40
Region513	chr3R	27559113	27559313	.	201	192	699	984	37	92	84	83	7	11	5	59	26
Region514	chr3R	27651790	27652015	.	226	358	2139	3552	32	58	33	62	4	10	4	37	14
Region515	chr3R	28086139	28086329	.	191	124	645	802	26	28	90	73	0	10	8	42	23
Region516	chr3R	28345365	28345576	.	212	247	1152	1788	32	57	60	45	5	13	8	56	32
Region517	chr3R	28635055	28635912	.	858	934	1406	4009	130	179	157	180	14	44	23	95	58
Region518	chr3R	28672208	28672444	.	237	95	341	610	37	53	52	76	0	20	5	30	25
Region519	chr3R	29320151	29320290	.	140	72	522	605	23	48	18	30	3	8	4	29	9
Region520	chr3R	29591678	29591872	.	195	186	680	1123	38	88	99	94	1	18	12	56	37
Region521	chr3R	29857462	29857619	.	158	91	363	454	26	67	58	45	7	8	7	30	17
Region522	chr3R	29858880	29859064	.	185	245	695	1400	30	48	50	83	5	15	7	41	32
Region523	chr3R	29868882	29869083	.	202	109	422	570	35	60	61	56	4	17	7	37	26
Region524	chr3R	30022688	30022871	.	184	145	365	478	22	55	121	104	6	14	7	51	39
Region525	chr3R	30153976	30154178	.	203	235	656	1345	41	53	68	40	3	12	9	48	20
Region526	chr3R	30467145	30467374	.	230	297	675	1415	49	74	51	52	6	19	6	23	30
Region527	chr3R	30601835	30602029	.	195	346	865	1247	31	64	64	49	9	15	8	29	27
Region528	chr3R	30808407	30808678	.	272	545	805	2428	36	92	143	92	4	23	10	52	17
Region529	chr3R	30870565	30870788	.	224	289	1262	2164	29	54	44	45	5	12	4	22	11
Region530	chr3R	30889060	30889293	.	234	314	695	3206	44	64	117	68	6	26	6	63	41
Region531	chr3R	30946369	30946708	.	340	463	663	1227	56	107	42	62	4	8	6	56	19
Region532	chr3R	31231273	31231427	.	155	84	703	1079	36	43	25	31	2	13	6	18	10
Region533	chr3R	31381247	31381447	.	201	232	408	1696	27	52	37	28	9	14	3	17	11
Region534	chr3R	31928478	31928732	.	255	129	460	1314	25	64	93	60	3	21	13	54	35
Region535	chr3R	32006260	32006704	.	445	274	964	3143	57	124	139	141	13	41	21	76	43
Region536	chr4	68730	69137	.	408	366	454	953	54	112	153	178	18	24	22	93	69
Region537	chr4	486621	486918	.	298	338	605	1268	56	93	80	101	14	20	12	65	30
Region538	chr4	718728	718891	.	164	99	294	477	13	46	48	104	3	17	6	64	14
Region539	chr4	834961	835200	.	240	463	1071	2234	49	67	52	68	5	14	7	31	21
Region540	chr4	835439	836188	.	750	1118	1270	4056	113	187	171	260	14	36	22	102	87
Region541	chr4	979834	980311	.	478	784	877	1808	78	150	141	169	23	31	20	86	51
Region542	chr4	984816	985060	.	245	221	326	1247	38	76	90	145	3	22	5	58	33
Region543	chr4	1112792	1113208	.	417	984	1644	3712	61	123	143	183	13	36	31	94	54
Region544	chrX	123915	124088	.	174	81	464	1455	32	28	37	35	4	9	5	16	12
Region545	chrX	190146	190586	.	441	321	694	2044	45	72	96	82	14	13	8	58	39
Region546	chrX	529796	530091	.	296	860	1373	3106	39	69	78	101	4	14	13	56	27
Region547	chrX	759403	759604	.	202	205	564	1015	22	54	57	66	6	13	3	55	26
Region548	chrX	765064	765432	.	369	522	887	1993	52	84	116	128	11	23	6	61	44
Region549	chrX	843717	843928	.	212	158	378	890	32	44	40	36	2	3	4	23	17
Region550	chrX	1236625	1236879	.	255	278	565	1062	36	57	81	67	4	11	9	69	25
Region551	chrX	1286193	1286448	.	256	432	1261	2541	31	43	72	100	12	24	5	46	21
Region552	chrX	1286967	1287490	.	524	470	986	2766	58	71	172	174	8	17	20	70	64
Region553	chrX	1512810	1513103	.	294	601	951	2406	46	61	83	82	8	11	9	51	36
Region554	chrX	1560172	1560360	.	189	132	384	700	25	27	84	64	1	11	6	26	22
Region555	chrX	1646480	1646706	.	227	100	398	529	22	49	55	60	1	10	10	26	27
Region556	chrX	1772733	1772920	.	188	149	381	607	24	52	52	67	1	4	9	29	23
Region557	chrX	1819062	1819209	.	148	85	378	403	21	31	32	35	2	7	3	19	19
Region558	chrX	1952971	1953316	.	346	754	912	2460	35	65	129	99	6	28	7	46	43
Region559	chrX	1963085	1963337	.	253	97	285	487	29	51	67	59	4	15	4	35	19
Region560	chrX	2080397	2080637	.	241	214	413	670	32	62	45	51	6	8	14	35	28
Region561	chrX	2094087	2094285	.	199	238	558	963	36	49	52	55	4	17	4	36	27
Region562	chrX	2112744	2113029	.	286	224	846	1521	42	57	90	100	1	17	6	56	25
Region563	chrX	2270744	2271011	.	268	345	1115	1833	50	81	92	110	4	19	7	78	33
Region564	chrX	2419608	2419868	.	261	489	1235	3167	34	60	49	38	3	8	9	30	22
Region565	chrX	2443963	2444101	.	139	143	416	585	30	27	50	41	4	13	6	32	11
Region566	chrX	2524547	2524764	.	218	249	1196	1931	26	31	39	43	1	13	3	34	24
Region567	chrX	3134616	3134843	.	228	517	549	1520	27	67	82	62	6	22	9	36	25
Region568	chrX	3173127	3173329	.	203	116	436	633	30	43	38	39	4	8	3	25	21
Region569	chrX	3719535	3720001	.	467	1361	1763	4264	70	91	184	138	17	32	13	105	51
Region570	chrX	3811200	3811928	.	729	1345	2712	7386	86	126	237	231	14	43	38	134	71
Region571	chrX	3859515	3859765	.	251	100	329	295	26	54	73	58	1	18	10	50	26
Region572	chrX	3860450	3861922	.	1473	517	1737	1834	175	314	430	373	19	72	50	290	148
Region573	chrX	3862663	3862869	.	207	107	347	477	41	49	60	67	2	12	5	37	16
Region574	chrX	4105767	4106127	.	361	1083	2254	5822	43	71	115	134	5	15	10	70	39
Region575	chrX	4366213	4366501	.	289	367	953	1847	33	51	73	67	4	21	8	46	26
Region576	chrX	4667099	4667298	.	200	101	509	846	28	53	42	37	3	7	2	26	24
Region577	chrX	5563530	5563675	.	146	71	506	440	26	27	32	30	1	9	9	16	10
Region578	chrX	5992229	5992473	.	245	528	1375	2686	31	55	55	42	3	6	7	38	23
Region579	chrX	6035461	6035644	.	184	114	548	1029	20	39	37	41	8	9	8	26	10
Region580	chrX	6109908	6110161	.	254	326	643	1473	31	53	85	67	1	13	6	35	29
Region581	chrX	6741153	6741467	.	315	530	1327	1302	44	68	53	89	5	7	10	71	25
Region582	chrX	6744266	6744444	.	179	433	868	1194	20	39	32	36	6	11	5	32	12
Region583	chrX	6973346	6973552	.	207	291	708	1864	34	45	39	50	4	11	8	23	17
Region584	chrX	7097945	7098307	.	363	391	1171	1732	36	87	90	101	4	16	11	74	33
Region585	chrX	7162212	7162367	.	156	73	454	596	24	47	52	47	2	12	4	36	16
Region586	chrX	7286125	7286396	.	272	283	333	865	37	60	84	105	9	12	10	60	22
Region587	chrX	7402888	7403108	.	221	151	256	623	28	39	47	43	0	14	11	27	17
Region588	chrX	7678939	7679139	.	201	230	842	1390	29	61	54	32	3	7	5	29	29
Region589	chrX	7933271	7933536	.	266	244	522	885	32	65	33	72	1	13	8	30	23
Region590	chrX	8210692	8210952	.	261	383	960	1795	29	46	93	84	1	16	6	38	24
Region591	chrX	8560497	8560650	.	154	118	499	582	20	37	74	61	5	11	3	36	15
Region592	chrX	8606263	8606703	.	441	320	858	1673	55	95	109	86	10	25	12	54	45
Region593	chrX	8676846	8677090	.	245	337	757	1409	33	53	105	89	5	23	8	45	31
Region594	chrX	8721692	8721864	.	173	91	636	557	21	44	29	27	8	6	3	22	14
Region595	chrX	8837989	8838167	.	179	146	862	1947	13	38	33	26	0	7	0	19	24
Region596	chrX	9040989	9041208	.	220	208	1055	1652	25	44	30	45	3	17	5	32	18
Region597	chrX	9283063	9283300	.	238	290	537	2544	26	42	74	35	6	12	11	24	20
Region598	chrX	9687832	9688041	.	210	355	1050	2154	36	49	54	29	5	16	2	45	14
Region599	chrX	10086354	10086579	.	226	164	303	506	26	45	86	65	7	17	9	60	18
Region600	chrX	10768152	10768605	.	454	603	1144	1945	38	94	203	219	8	25	19	105	42
Region601	chrX	11520360	11520560	.	201	92	398	417	18	35	58	72	1	11	11	46	25
Region602	chrX	11580673	11580869	.	197	136	464	777	21	57	65	71	0	9	6	29	23
Region603	chrX	11694875	11695174	.	300	986	2489	5238	47	62	81	115	5	13	14	65	26
Region604	chrX	12583137	12583406	.	270	376	884	1658	37	72	78	73	4	26	11	61	30
Region605	chrX	12764745	12764888	.	144	57	362	347	20	33	14	24	1	7	1	22	7
Region606	chrX	13337600	13337810	.	211	197	354	573	32	49	59	70	0	19	9	43	17
Region607	chrX	13413047	13413199	.	153	85	304	355	18	51	57	71	1	2	6	31	12
Region608	chrX	13642057	13642299	.	243	89	330	537	47	51	116	87	0	11	11	45	26
Region609	chrX	13736226	13736396	.	171	101	484	554	17	47	72	59	3	16	8	33	22
Region610	chrX	14580431	14580600	.	170	110	535	653	10	38	32	50	4	11	10	21	11
Region611	chrX	14874726	14874886	.	161	80	734	869	18	35	27	20	5	3	1	24	12
Region612	chrX	14901723	14901851	.	129	115	316	803	17	35	31	20	2	5	2	12	16
Region613	chrX	14918638	14918810	.	173	120	540	1023	26	48	36	43	8	11	9	30	20
Region614	chrX	15035350	15035652	.	303	1104	1246	5075	44	74	124	167	13	19	18	57	55
Region615	chrX	15137435	15137536	.	102	145	263	750	9	24	26	19	3	9	2	22	12
Region616	chrX	16062860	16063296	.	437	186	529	2059	57	85	70	81	10	18	11	37	43
Region617	chrX	16096596	16096856	.	261	468	1291	3007	43	56	45	47	2	13	9	43	35
Region618	chrX	16270745	16270992	.	248	608	1330	2519	39	66	70	64	10	12	11	42	19
Region619	chrX	16547497	16547720	.	224	383	1166	2262	41	63	60	63	5	15	8	40	24
Region620	chrX	16559987	16560134	.	148	79	288	307	19	32	23	31	2	6	3	24	16
Region621	chrX	16654940	16655427	.	488	399	910	1322	59	99	111	126	10	27	15	56	46
Region622	chrX	16751847	16752140	.	294	403	1019	1426	24	49	38	50	4	11	9	35	12
Region623	chrX	16753195	16753453	.	259	105	469	1027	28	40	79	84	0	22	7	55	25
Region624	chrX	17249428	17249604	.	177	117	489	761	24	68	39	38	1	12	5	19	14
Region625	chrX	17695724	17695942	.	219	185	1074	1105	27	34	26	28	4	9	8	42	9
Region626	chrX	17709949	17710131	.	183	169	529	544	24	55	66	69	5	9	4	47	16
Region627	chrX	17751737	17751978	.	242	182	382	750	31	47	54	77	6	10	11	50	28
Region628	chrX	17790231	17790428	.	198	120	339	474	27	52	80	93	2	15	7	35	31
Region629	chrX	17887436	17887654	.	219	288	1297	1778	40	46	44	40	5	11	7	42	11
Region630	chrX	18321398	18321687	.	290	584	1549	3827	26	52	100	110	2	9	7	51	31
Region631	chrX	18370726	18370990	.	265	346	1060	2015	29	58	70	85	7	18	8	44	25
Region632	chrX	18515277	18515468	.	192	266	667	1339	21	33	52	53	2	11	3	30	15
Region633	chrX	18621940	18622171	.	232	295	641	1459	31	41	62	54	9	14	9	38	26
Region634	chrX	18703980	18704176	.	197	134	447	867	29	42	52	39	1	11	7	26	18
Region635	chrX	18805092	18805271	.	180	115	439	672	24	51	53	47	0	9	8	31	15
Region636	chrX	18966723	18966873	.	151	42	329	277	17	38	49	35	0	10	5	29	13
Region637	chrX	19028742	19028908	.	167	207	470	1190	16	33	49	48	3	8	3	21	18
Region638	chrX	19326841	19327033	.	193	173	497	869	27	49	31	40	2	10	7	33	9
Region639	chrX	19638301	19638555	.	255	394	552	1321	29	45	48	66	4	10	10	41	26
Region640	chrX	19852013	19852297	.	285	316	634	1015	34	86	176	153	11	21	14	62	38
Region641	chrX	19865909	19866181	.	273	271	358	775	29	38	75	85	5	10	9	50	41
Region642	chrX	20377910	20378246	.	337	489	557	672	171	260	148	313	28	36	39	228	54
Region643	chrX	20799905	20800154	.	250	157	470	1151	23	41	45	50	8	17	7	29	20
Region644	chrX	20941372	20941644	.	273	437	460	627	136	202	94	234	27	29	28	198	55
Region645	chrX	21060581	21061024	.	444	981	1328	2871	64	46	148	165	8	23	16	48	30
Region646	chrX	21158664	21158791	.	128	39	570	694	21	22	41	51	3	6	6	32	15
Region647	chrX	21174996	21175166	.	171	66	317	303	22	40	42	54	0	11	6	26	19
Region648	chrX	21345205	21345383	.	179	192	542	784	27	38	78	101	7	12	5	40	18
Region649	chrX	21605662	21605843	.	182	164	326	572	26	43	44	59	6	11	7	28	20
Region650	chrX	21611491	21611686	.	196	112	340	554	15	37	32	47	3	4	6	11	13
Region651	chrX	21617572	21617766	.	195	99	315	526	22	33	40	47	2	13	7	28	13
Region652	chrX	21623652	21623813	.	162	94	266	489	25	27	53	51	3	6	5	15	14
Region653	chrX	21712685	21714050	.	1366	11470	50	362	1653	1459	1197	899	54	173	103	138	314
Region654	chrX	22092698	22093070	.	373	4065	5191	14052	112	159	206	292	15	39	27	108	80
Region655	chrY	479047	479365	.	319	1850	2178	7719	52	80	138	192	16	44	31	74	44
